15 15 1762443226
21 17 1762443226
37 18 1762443226
49 19 1762443226
112 20 1762443226
129 23 1762443226
132 24 1762443226
142 25 1762443226
15 14.8818 1762443256
21 17.0302 1762443256
37 18.0353 1762443256
49 19.194 1762443256
112 19.9351 1762443256
129 23.1619 1762443256
132 23.9287 1762443256
142 25.228 1762443256
15 14.6457 1762443286
21 16.8705 1762443286
37 18.1808 1762443286
49 19.1815 1762443286
112 20.0278 1762443286
129 22.9638 1762443286
132 23.9374 1762443286
142 25.0939 1762443286
15 14.652 1762443316
21 16.9713 1762443316
37 17.9694 1762443316
49 18.9685 1762443316
112 20.0621 1762443316
129 22.956 1762443316
132 24.1259 1762443316
142 25.3051 1762443316
15 14.7607 1762443346
21 17.0907 1762443346
37 18.03 1762443346
49 18.7209 1762443346
112 20.2418 1762443346
129 22.7309 1762443346
132 24.2595 1762443346
142 25.5529 1762443346
15 14.6044 1762443376
21 16.995 1762443376
37 17.8176 1762443376
49 18.4853 1762443376
112 20.2095 1762443376
129 22.8944 1762443376
132 24.3054 1762443376
142 25.4223 1762443376
15 14.3776 1762443406
21 17.034 1762443406
37 18.0005 1762443406
49 18.4552 1762443406
112 20.4312 1762443406
129 23.022 1762443406
132 24.5465 1762443406
142 25.3241 1762443406
15 14.1925 1762443436
21 17.1456 1762443436
37 17.861 1762443436
49 18.3654 1762443436
112 20.5283 1762443436
129 22.9963 1762443436
132 24.3296 1762443436
142 25.3137 1762443436
15 14.0967 1762443466
21 17.324 1762443466
37 17.954 1762443466
49 18.5694 1762443466
112 20.7534 1762443466
129 22.9866 1762443466
132 24.2358 1762443466
142 25.1867 1762443466
15 13.8983 1762443496
21 17.4422 1762443496
37 17.9836 1762443496
49 18.6856 1762443496
112 20.9708 1762443496
129 22.829 1762443496
132 24.1198 1762443496
142 25.191 1762443496
15 13.7146 1762443526
21 17.6723 1762443526
37 18.2312 1762443526
49 18.6442 1762443526
112 21.174 1762443526
129 23.0724 1762443526
132 24.1293 1762443526
142 25.0834 1762443526
15 13.8386 1762443556
21 17.7618 1762443556
37 18.2213 1762443556
49 18.8071 1762443556
112 21.1929 1762443556
129 22.874 1762443556
132 24.0684 1762443556
142 25.1119 1762443556
15 13.8255 1762443586
21 17.7159 1762443586
37 17.9757 1762443586
49 18.8195 1762443586
112 21.2784 1762443586
129 22.6408 1762443586
132 23.8763 1762443586
142 25.323 1762443586
15 13.8215 1762443616
21 17.6689 1762443616
37 18.0125 1762443616
49 18.7632 1762443616
112 21.1445 1762443616
129 22.718 1762443616
132 23.652 1762443616
142 25.4071 1762443616
15 13.8142 1762443646
21 17.5218 1762443646
37 18.0172 1762443646
49 18.7715 1762443646
112 21.2577 1762443646
129 22.9011 1762443646
132 23.6219 1762443646
142 25.6084 1762443646
15 13.8584 1762443676
21 17.4384 1762443676
37 18.18 1762443676
49 18.8092 1762443676
112 21.1424 1762443676
129 23.0048 1762443676
132 23.8204 1762443676
142 25.5613 1762443676
15 13.6486 1762443706
21 17.6482 1762443706
37 18.3841 1762443706
49 18.5779 1762443706
112 21.1657 1762443706
129 23.0246 1762443706
132 23.5944 1762443706
142 25.7874 1762443706
15 13.7535 1762443736
21 17.8665 1762443736
37 18.5716 1762443736
49 18.7444 1762443736
112 21.143 1762443736
129 22.9933 1762443736
132 23.4439 1762443736
142 26.0079 1762443736
15 13.6167 1762443766
21 17.624 1762443766
37 18.5373 1762443766
49 18.6771 1762443766
112 21.0996 1762443766
129 22.8317 1762443766
132 23.2341 1762443766
142 25.9148 1762443766
15 13.7531 1762443796
21 17.5626 1762443796
37 18.427 1762443796
49 18.8691 1762443796
112 21.1112 1762443796
129 22.7277 1762443796
132 23.0581 1762443796
142 26.1184 1762443796
15 13.6438 1762443826
21 17.4336 1762443826
37 18.1873 1762443826
49 19.0046 1762443826
112 21.2548 1762443826
129 22.7332 1762443826
132 23.0513 1762443826
142 26.1555 1762443826
15 13.8532 1762443856
21 17.2607 1762443856
37 17.939 1762443856
49 18.9426 1762443856
112 21.3056 1762443856
129 22.7363 1762443856
132 22.8511 1762443856
142 26.2273 1762443856
15 14.0602 1762443886
21 17.0623 1762443886
37 18.0743 1762443886
49 19.0178 1762443886
112 21.3575 1762443886
129 22.6389 1762443886
132 22.7317 1762443886
142 26.2499 1762443886
15 14.224 1762443916
21 17.2905 1762443916
37 18.1147 1762443916
49 19.2638 1762443916
112 21.4759 1762443916
129 22.8346 1762443916
132 22.7986 1762443916
142 26.3558 1762443916
15 14.1821 1762443946
21 17.3838 1762443946
37 18.3621 1762443946
49 19.2031 1762443946
112 21.2759 1762443946
129 22.8354 1762443946
132 22.5888 1762443946
142 26.205 1762443946
15 14.3265 1762443976
21 17.1917 1762443976
37 18.443 1762443976
49 18.9987 1762443976
112 21.3952 1762443976
129 23.0196 1762443976
132 22.5539 1762443976
142 26.3603 1762443976
15 14.303 1762444006
21 17.1437 1762444006
37 18.3149 1762444006
49 18.7829 1762444006
112 21.166 1762444006
129 22.8675 1762444006
132 22.7971 1762444006
142 26.5634 1762444006
15 14.1566 1762444036
21 17.055 1762444036
37 18.5157 1762444036
49 18.6324 1762444036
112 21.3257 1762444036
129 23.1015 1762444036
132 22.6635 1762444036
142 26.5493 1762444036
15 14.1836 1762444066
21 17.0121 1762444066
37 18.6971 1762444066
49 18.724 1762444066
112 21.3054 1762444066
129 23.2426 1762444066
132 22.4182 1762444066
142 26.5475 1762444066
15 14.1675 1762444096
21 17.0212 1762444096
37 18.6446 1762444096
49 18.9294 1762444096
112 21.4399 1762444096
129 23.1298 1762444096
132 22.3792 1762444096
142 26.3789 1762444096
15 14.366 1762444126
21 17.1567 1762444126
37 18.8546 1762444126
49 18.773 1762444126
112 21.3204 1762444126
129 23.3159 1762444126
132 22.5699 1762444126
142 26.5656 1762444126
15 14.2845 1762444156
21 16.9658 1762444156
37 18.6628 1762444156
49 18.5374 1762444156
112 21.3984 1762444156
129 23.3299 1762444156
132 22.8008 1762444156
142 26.6528 1762444156
15 14.1253 1762444186
21 17.0047 1762444186
37 18.7052 1762444186
49 18.6289 1762444186
112 21.3141 1762444186
129 23.4948 1762444186
132 22.6629 1762444186
142 26.5065 1762444186
15 14.0367 1762444216
21 17.2457 1762444216
37 18.491 1762444216
49 18.8759 1762444216
112 21.2095 1762444216
129 23.6784 1762444216
132 22.7854 1762444216
142 26.7199 1762444216
15 14.1108 1762444246
21 17.3387 1762444246
37 18.387 1762444246
49 18.9853 1762444246
112 21.4495 1762444246
129 23.44 1762444246
132 22.969 1762444246
142 26.9446 1762444246
15 14.1985 1762444276
21 17.4822 1762444276
37 18.1965 1762444276
49 19.2018 1762444276
112 21.6698 1762444276
129 23.4036 1762444276
132 23.02 1762444276
142 26.9791 1762444276
15 14.2173 1762444306
21 17.5926 1762444306
37 18.0822 1762444306
49 19.0594 1762444306
112 21.8488 1762444306
129 23.223 1762444306
132 22.8604 1762444306
142 26.8149 1762444306
15 14.4411 1762444336
21 17.7001 1762444336
37 18.1646 1762444336
49 19.2523 1762444336
112 21.616 1762444336
129 23.1084 1762444336
132 22.8601 1762444336
142 26.5649 1762444336
15 14.4657 1762444366
21 17.6857 1762444366
37 18.0516 1762444366
49 19.3514 1762444366
112 21.7149 1762444366
129 22.9373 1762444366
132 22.8979 1762444366
142 26.8112 1762444366
15 14.3635 1762444396
21 17.7438 1762444396
37 18.1481 1762444396
49 19.1154 1762444396
112 21.8868 1762444396
129 22.8727 1762444396
132 22.9915 1762444396
142 26.909 1762444396
15 14.158 1762444426
21 17.9576 1762444426
37 18.1887 1762444426
49 19.2553 1762444426
112 21.8851 1762444426
129 23.0437 1762444426
132 23.0214 1762444426
142 26.7011 1762444426
15 14.38 1762444456
21 17.7355 1762444456
37 18.3558 1762444456
49 19.4847 1762444456
112 21.8264 1762444456
129 23.1051 1762444456
132 23.1847 1762444456
142 26.9328 1762444456
15 14.3149 1762444486
21 17.7375 1762444486
37 18.4178 1762444486
49 19.274 1762444486
112 21.5776 1762444486
129 23.2671 1762444486
132 23.4345 1762444486
142 26.9435 1762444486
15 14.3092 1762444516
21 17.9404 1762444516
37 18.3833 1762444516
49 19.2074 1762444516
112 21.3324 1762444516
129 23.0682 1762444516
132 23.3629 1762444516
142 26.9479 1762444516
15 14.3856 1762444546
21 17.8048 1762444546
37 18.531 1762444546
49 18.9695 1762444546
112 21.3909 1762444546
129 23.145 1762444546
132 23.3508 1762444546
142 26.9342 1762444546
15 14.6203 1762444576
21 17.7519 1762444576
37 18.6855 1762444576
49 19.0402 1762444576
112 21.3773 1762444576
129 22.9188 1762444576
132 23.4151 1762444576
142 26.9054 1762444576
15 14.4653 1762444606
21 17.9709 1762444606
37 18.582 1762444606
49 18.9056 1762444606
112 21.1685 1762444606
129 22.8665 1762444606
132 23.6076 1762444606
142 26.9 1762444606
15 14.6561 1762444636
21 18.104 1762444636
37 18.435 1762444636
49 18.7794 1762444636
112 21.1122 1762444636
129 22.7587 1762444636
132 23.6427 1762444636
142 26.9501 1762444636
15 14.7378 1762444666
21 18.2341 1762444666
37 18.2175 1762444666
49 18.7236 1762444666
112 21.1401 1762444666
129 22.8215 1762444666
132 23.7295 1762444666
142 26.8979 1762444666
15 14.7658 1762444696
21 18.4707 1762444696
37 18.0036 1762444696
49 18.9383 1762444696
112 21.0804 1762444696
129 22.6062 1762444696
132 23.9314 1762444696
142 26.806 1762444696
15 14.6032 1762444726
21 18.4328 1762444726
37 17.8535 1762444726
49 19.1165 1762444726
112 21.3044 1762444726
129 22.8188 1762444726
132 23.8604 1762444726
142 26.5729 1762444726
15 14.6437 1762444756
21 18.2062 1762444756
37 17.9499 1762444756
49 18.8947 1762444756
112 21.2515 1762444756
129 22.855 1762444756
132 23.7039 1762444756
142 26.3314 1762444756
15 14.4354 1762444786
21 18.0442 1762444786
37 17.8682 1762444786
49 18.8488 1762444786
112 21.3151 1762444786
129 22.7151 1762444786
132 23.5609 1762444786
142 26.265 1762444786
15 14.2838 1762444816
21 17.8281 1762444816
37 17.7906 1762444816
49 18.9413 1762444816
112 21.5077 1762444816
129 22.7002 1762444816
132 23.4079 1762444816
142 26.1516 1762444816
15 14.157 1762444846
21 17.7484 1762444846
37 18.0058 1762444846
49 19.0963 1762444846
112 21.687 1762444846
129 22.7318 1762444846
132 23.3044 1762444846
142 26.2504 1762444846
15 14.3224 1762444876
21 17.9445 1762444876
37 17.9761 1762444876
49 18.9186 1762444876
112 21.8909 1762444876
129 22.6704 1762444876
132 23.2584 1762444876
142 26.0916 1762444876
15 14.3019 1762444906
21 18.1017 1762444906
37 17.9529 1762444906
49 18.7596 1762444906
112 21.9366 1762444906
129 22.5217 1762444906
132 23.0818 1762444906
142 26.3412 1762444906
15 14.1546 1762444936
21 17.8733 1762444936
37 17.8883 1762444936
49 18.6194 1762444936
112 21.8463 1762444936
129 22.3135 1762444936
132 23.1548 1762444936
142 26.199 1762444936
15 13.9788 1762444966
21 17.634 1762444966
37 18.0709 1762444966
49 18.5351 1762444966
112 21.8239 1762444966
129 22.0855 1762444966
132 23.3632 1762444966
142 26.2603 1762444966
15 14.0753 1762444996
21 17.5979 1762444996
37 18.319 1762444996
49 18.406 1762444996
112 21.8718 1762444996
129 22.2463 1762444996
132 23.1536 1762444996
142 26.4637 1762444996
15 14.1351 1762445026
21 17.4078 1762445026
37 18.5351 1762445026
49 18.4034 1762445026
112 21.6617 1762445026
129 22.4181 1762445026
132 23.2401 1762445026
142 26.6498 1762445026
15 14.3057 1762445056
21 17.554 1762445056
37 18.2869 1762445056
49 18.4838 1762445056
112 21.9105 1762445056
129 22.1867 1762445056
132 23.0832 1762445056
142 26.4046 1762445056
15 14.2588 1762445086
21 17.551 1762445086
37 18.1523 1762445086
49 18.3282 1762445086
112 21.7121 1762445086
129 22.3051 1762445086
132 22.9098 1762445086
142 26.2625 1762445086
15 14.1322 1762445116
21 17.3374 1762445116
37 18.1908 1762445116
49 18.5309 1762445116
112 21.4979 1762445116
129 22.2481 1762445116
132 22.844 1762445116
142 26.0148 1762445116
15 14.1442 1762445146
21 17.4957 1762445146
37 18.3979 1762445146
49 18.3323 1762445146
112 21.4867 1762445146
129 22.4709 1762445146
132 22.7412 1762445146
142 25.8261 1762445146
15 13.9969 1762445176
21 17.2718 1762445176
37 18.1944 1762445176
49 18.3863 1762445176
112 21.6012 1762445176
129 22.6855 1762445176
132 22.6454 1762445176
142 25.619 1762445176
15 14.0878 1762445206
21 17.1302 1762445206
37 18.2326 1762445206
49 18.2517 1762445206
112 21.8213 1762445206
129 22.8184 1762445206
132 22.4967 1762445206
142 25.7638 1762445206
15 14.2412 1762445236
21 17.3725 1762445236
37 18.3815 1762445236
49 18.253 1762445236
112 21.7648 1762445236
129 22.9422 1762445236
132 22.3873 1762445236
142 25.5149 1762445236
15 14.3649 1762445266
21 17.2914 1762445266
37 18.5285 1762445266
49 18.343 1762445266
112 21.8956 1762445266
129 22.7819 1762445266
132 22.3637 1762445266
142 25.3938 1762445266
15 14.3194 1762445296
21 17.0906 1762445296
37 18.6149 1762445296
49 18.3773 1762445296
112 22.1015 1762445296
129 22.7581 1762445296
132 22.6008 1762445296
142 25.3367 1762445296
15 14.0801 1762445326
21 17.0017 1762445326
37 18.4543 1762445326
49 18.5523 1762445326
112 21.9171 1762445326
129 22.8544 1762445326
132 22.7833 1762445326
142 25.4229 1762445326
15 14.1608 1762445356
21 16.8173 1762445356
37 18.6766 1762445356
49 18.4173 1762445356
112 21.844 1762445356
129 22.7591 1762445356
132 22.8193 1762445356
142 25.396 1762445356
15 13.9693 1762445386
21 16.5709 1762445386
37 18.4384 1762445386
49 18.6287 1762445386
112 21.9934 1762445386
129 22.6299 1762445386
132 22.6468 1762445386
142 25.4917 1762445386
15 13.9724 1762445416
21 16.4807 1762445416
37 18.6628 1762445416
49 18.7204 1762445416
112 22.0978 1762445416
129 22.8573 1762445416
132 22.4609 1762445416
142 25.3197 1762445416
15 13.9727 1762445446
21 16.663 1762445446
37 18.8485 1762445446
49 18.8982 1762445446
112 22.2632 1762445446
129 22.7425 1762445446
132 22.2586 1762445446
142 25.217 1762445446
15 14.1379 1762445476
21 16.6582 1762445476
37 18.7492 1762445476
49 18.9814 1762445476
112 22.1127 1762445476
129 22.953 1762445476
132 22.2559 1762445476
142 25.1223 1762445476
15 14.3826 1762445506
21 16.6461 1762445506
37 18.7953 1762445506
49 18.8895 1762445506
112 22.1615 1762445506
129 22.8654 1762445506
132 22.0508 1762445506
142 25.1228 1762445506
15 14.4826 1762445536
21 16.4817 1762445536
37 18.8395 1762445536
49 18.7567 1762445536
112 22.3145 1762445536
129 22.8382 1762445536
132 21.9633 1762445536
142 24.9179 1762445536
15 14.6131 1762445566
21 16.5164 1762445566
37 18.9886 1762445566
49 18.635 1762445566
112 22.2409 1762445566
129 22.9679 1762445566
132 21.8641 1762445566
142 25.0398 1762445566
15 14.5346 1762445596
21 16.7069 1762445596
37 18.7524 1762445596
49 18.5663 1762445596
112 22.0163 1762445596
129 22.8635 1762445596
132 22.0769 1762445596
142 25.2894 1762445596
15 14.6211 1762445626
21 16.9132 1762445626
37 18.8426 1762445626
49 18.3459 1762445626
112 21.7761 1762445626
129 22.8173 1762445626
132 22.1917 1762445626
142 25.4944 1762445626
15 14.5298 1762445656
21 16.6659 1762445656
37 18.9981 1762445656
49 18.3155 1762445656
112 21.6525 1762445656
129 22.8371 1762445656
132 22.4268 1762445656
142 25.4041 1762445656
15 14.7517 1762445686
21 16.7104 1762445686
37 19.046 1762445686
49 18.2934 1762445686
112 21.4257 1762445686
129 22.7428 1762445686
132 22.6165 1762445686
142 25.3024 1762445686
15 14.768 1762445716
21 16.9213 1762445716
37 18.8389 1762445716
49 18.526 1762445716
112 21.5551 1762445716
129 22.7891 1762445716
132 22.5412 1762445716
142 25.2758 1762445716
15 14.7662 1762445746
21 16.8952 1762445746
37 19.0852 1762445746
49 18.6016 1762445746
112 21.5281 1762445746
129 22.9681 1762445746
132 22.7522 1762445746
142 25.521 1762445746
15 14.5425 1762445776
21 16.7868 1762445776
37 19.2241 1762445776
49 18.3665 1762445776
112 21.7201 1762445776
129 23.1404 1762445776
132 22.8395 1762445776
142 25.6456 1762445776
15 14.5503 1762445806
21 16.9173 1762445806
37 19.2239 1762445806
49 18.2928 1762445806
112 21.6599 1762445806
129 23.3509 1762445806
132 22.832 1762445806
142 25.6055 1762445806
15 14.7283 1762445836
21 16.9764 1762445836
37 19.3337 1762445836
49 18.2303 1762445836
112 21.6817 1762445836
129 23.4786 1762445836
132 22.6849 1762445836
142 25.7644 1762445836
15 14.4877 1762445866
21 16.9122 1762445866
37 19.2159 1762445866
49 18.299 1762445866
112 21.883 1762445866
129 23.6563 1762445866
132 22.6702 1762445866
142 25.5592 1762445866
15 14.7282 1762445896
21 16.9939 1762445896
37 19.358 1762445896
49 18.1078 1762445896
112 22.0454 1762445896
129 23.5513 1762445896
132 22.531 1762445896
142 25.4317 1762445896
15 14.7238 1762445926
21 17.1793 1762445926
37 19.5457 1762445926
49 18.2865 1762445926
112 22.1604 1762445926
129 23.5222 1762445926
132 22.5544 1762445926
142 25.5546 1762445926
15 14.8373 1762445956
21 16.969 1762445956
37 19.7882 1762445956
49 18.258 1762445956
112 22.3999 1762445956
129 23.7495 1762445956
132 22.3558 1762445956
142 25.4565 1762445956
15 15.031 1762445986
21 17.0119 1762445986
37 19.7599 1762445986
49 18.0161 1762445986
112 22.2205 1762445986
129 23.5636 1762445986
132 22.2069 1762445986
142 25.4463 1762445986
15 15.2022 1762446016
21 16.9977 1762446016
37 19.8856 1762446016
49 18.1869 1762446016
112 22.2586 1762446016
129 23.7615 1762446016
132 22.2808 1762446016
142 25.2783 1762446016
15 15.2267 1762446046
21 16.9565 1762446046
37 19.9753 1762446046
49 18.0943 1762446046
112 22.1994 1762446046
129 23.5963 1762446046
132 22.2882 1762446046
142 25.2887 1762446046
15 15.4129 1762446076
21 17.1385 1762446076
37 20.1396 1762446076
49 18.1934 1762446076
112 22.3538 1762446076
129 23.7405 1762446076
132 22.2334 1762446076
142 25.2966 1762446076
15 15.582 1762446106
21 17.2933 1762446106
37 19.9145 1762446106
49 18.3455 1762446106
112 22.1929 1762446106
129 23.7442 1762446106
132 21.9948 1762446106
142 25.4105 1762446106
15 15.3785 1762446136
21 17.0671 1762446136
37 19.9246 1762446136
49 18.2479 1762446136
112 22.0349 1762446136
129 23.7366 1762446136
132 22.2136 1762446136
142 25.529 1762446136
15 15.3995 1762446166
21 17.0097 1762446166
37 19.8446 1762446166
49 18.1669 1762446166
112 21.8999 1762446166
129 23.733 1762446166
132 22.1377 1762446166
142 25.2913 1762446166
15 15.503 1762446196
21 16.9867 1762446196
37 19.7045 1762446196
49 18.2235 1762446196
112 21.696 1762446196
129 23.8066 1762446196
132 22.1876 1762446196
142 25.5301 1762446196
